1
2
54
2
4
36
1
4
36
2
3
191
1
3
196
2
9
470
3
9
417
4
9
468
7
2
103
1
7
132
2
8
204
7
8
143
10
3
303
3
6
265
3
5
257
1
5
66
6
5
87
5
7
188
12
3
352
12
10
276
5
12
406
6
12
359
11
12
250
11
3
377
6
11
210
11
13
182
20
11
249
11
18
447
1
13
287
6
13
172
7
13
373
13
14
249
20
13
157
20
14
196
20
18
307
20
17
438
16
20
237
14
15
176
14
18
425
14
21
234
15
21
279
15
16
152
15
19
329
16
18
254
16
17
234
16
19
288
16
14
212
21
13
321
21
22
154
21
20
371
22
23
80
22
24
112
22
25
288
23
7
194
23
2
265
23
1
260
23
5
304
23
24
128
21
6
454
24
25
215
24
27
331
24
30
260
24
28
534
23
30
256
24
29
442
4
3
152
4
32
306
2
32
263
2
58
439
4
58
436
21
5
438
10
5
515
7
30
238
8
32
166
8
31
63
8
30
128
8
23
306
9
58
102
9
32
337
9
33
333
9
56
120
9
59
267
9
57
287
10
58
343
10
59
450
10
61
365
10
116
353
10
70
701
11
97
319
12
97
346
12
116
283
12
92
766
12
18
603
13
23
410
17
19
132
17
18
231
17
90
191
17
98
201
18
96
313
18
97
317
18
98
295
18
102
423
18
95
460
19
90
233
19
18
342
20
97
380
25
26
225
25
27
231
25
28
659
25
29
619
26
27
403
27
28
645
27
29
623
119
26
237
119
25
197
28
29
274
28
49
634
28
51
730
28
50
697
28
36
839
28
35
792
28
37
812
29
30
244
29
31
281
29
32
390
29
34
202
29
50
522
29
49
468
29
37
745
29
36
772
30
31
112
30
34
264
31
32
172
31
34
202
33
34
137
33
56
238
33
117
222
33
51
234
33
50
275
33
49
324
33
32
251
34
32
202
34
49
383
35
37
61
35
49
222
35
50
260
35
38
93
35
40
192
35
41
330
35
39
192
36
42
220
36
39
201
36
41
394
36
37
82
36
49
332
37
42
220
37
39
159
37
41
327
37
40
221
38
39
264
38
41
330
38
40
170
38
45
236
38
48
76
38
50
199
38
49
174
39
41
215
39
40
231
39
42
193
39
43
413
40
45
224
40
48
190
40
41
236
41
43
505
41
44
427
42
43
226
43
44
419
45
48
158
45
50
249
45
54
118
45
46
51
46
47
238
46
57
342
46
54
82
47
57
228
47
56
345
47
118
329
47
53
279
47
55
255
47
54
238
48
50
151
48
52
162
48
55
145
48
54
119
48
46
159
48
49
175
49
50
101
50
51
78
50
52
61
50
55
161
50
54
154
51
52
37
51
53
51
51
118
152
52
55
88
52
53
42
53
118
141
53
57
340
53
55
69
54
55
57
54
40
302
54
57
324
55
57
315
56
117
56
56
57
225
56
60
335
56
59
277
56
32
391
57
60
172
57
59
195
57
58
380
57
118
274
57
117
259
58
59
228
58
3
332
59
60
94
59
61
212
60
63
135
60
61
201
61
63
168
61
64
239
61
62
121
61
116
585
61
58
387
62
63
204
62
64
197
62
65
253
62
66
254
62
70
432
62
116
653
63
64
134
64
65
265
64
75
615
64
67
502
65
66
102
65
69
293
65
68
251
65
67
221
65
75
458
66
70
231
66
69
217
66
68
231
66
67
205
67
75
260
67
74
183
67
73
244
67
68
115
68
69
107
68
73
155
68
70
249
69
70
147
69
71
139
69
73
104
70
116
561
70
87
440
70
71
129
71
87
334
71
116
677
71
73
180
71
72
283
72
87
421
72
73
174
72
74
399
73
74
332
73
87
446
74
75
161
75
76
63
75
77
117
75
78
474
76
78
510
76
77
100
77
78
543
78
79
99
78
80
175
78
86
351
78
82
303
79
82
206
79
86
401
80
81
154
80
86
288
80
82
355
81
86
330
82
85
253
82
84
170
82
83
277
85
86
137
83
84
337
84
85
401
87
116
529
88
87
25
88
89
69
88
92
453
89
92
445
90
91
36
90
98
188
91
98
169
91
102
325
91
99
280
92
93
350
92
116
547
93
116
728
93
96
275
93
95
487
93
94
415
93
108
454
94
108
136
94
110
231
94
109
107
94
101
248
94
95
302
95
96
359
95
98
312
95
102
217
95
103
352
95
101
215
95
109
312
96
97
176
96
98
510
96
102
517
96
94
555
98
102
150
98
99
303
99
102
226
99
101
405
100
103
255
100
99
56
100
101
352
100
106
233
101
103
143
101
109
211
101
111
215
101
114
344
101
113
436
101
112
308
102
106
449
102
103
291
102
101
262
103
111
310
103
114
343
103
113
370
103
112
196
103
107
260
103
106
211
104
105
201
104
113
263
104
115
90
105
107
84
105
113
271
106
107
110
106
112
175
107
112
114
107
113
278
108
109
137
108
111
194
108
110
152
109
111
83
109
110
156
110
111
101
110
114
104
111
112
330
111
114
192
112
114
217
112
113
210
113
114
132
113
115
245
116
66
720
117
118
13